-- generated by BB61/m4_lean_cert.py
def t0 : Array (Fin 64) := #[0, 0, 1, 1, 2, 2, 3, 3, 4, 4, 5, 5, 6, 6, 7, 7, 8, 8, 9, 9, 10, 10, 11, 11, 12, 12, 13, 13, 14, 14, 15, 15, 16, 16, 17, 17, 18, 18, 19, 19, 20, 20, 21, 21, 22, 22, 23, 23, 24, 24, 25, 25, 26, 26, 27, 27, 28, 28, 29, 29, 30, 30, 31, 31]
def t1 : Array (Fin 64) := #[32, 32, 33, 33, 34, 34, 35, 35, 36, 36, 37, 37, 38, 38, 39, 39, 40, 40, 41, 41, 42, 42, 43, 43, 44, 44, 45, 45, 46, 46, 47, 47, 48, 48, 49, 49, 50, 50, 51, 51, 52, 52, 53, 53, 54, 54, 55, 55, 56, 56, 57, 57, 58, 58, 59, 59, 60, 60, 61, 61, 62, 62, 63, 63]
def w0 : Array Nat := #[24, 24, 24, 24, 32, 32, 54, 54, 50, 50, 32, 32, 24, 24, 24, 24, 50, 50, 32, 32, 24, 24, 24, 24, 153, 153, 153, 153, 50, 50, 50, 50, 32, 32, 54, 54, 153, 153, 153, 153, 24, 24, 24, 24, 32, 32, 32, 32, 24, 24, 24, 24, 32, 32, 32, 32, 50, 50, 50, 50, 32, 32, 24, 24]
def w1 : Array Nat := #[24, 24, 32, 32, 54, 54, 54, 54, 32, 32, 32, 32, 24, 24, 24, 24, 32, 32, 32, 32, 24, 24, 24, 24, 153, 153, 153, 153, 50, 50, 50, 32, 54, 54, 54, 54, 153, 153, 153, 153, 24, 24, 24, 24, 32, 32, 54, 54, 24, 24, 24, 24, 32, 32, 54, 54, 50, 50, 50, 32, 24, 24, 24, 24]
def vv : Array Nat := #[47262, 47262, 58844, 58844, 118765, 118765, 133049, 133049, 205696, 205696, 182108, 182108, 140364, 140364, 140364, 140364, 136969, 136969, 96117, 96117, 65842, 65842, 65842, 65842, 400000, 400000, 400000, 400000, 158534, 158534, 158534, 129339, 131215, 131215, 164463, 164463, 397014, 397014, 397014, 397014, 66534, 66534, 66534, 66534, 96584, 96584, 147003, 147003, 139061, 139061, 139061, 139061, 185415, 185415, 207710, 207710, 125145, 125145, 125145, 111579, 68310, 68310, 46586, 46586]
def aa : Nat := 95035770
def bb : Nat := 1048576
def WW : Nat := 37279413043200
def cw : Array Nat := #[24, 32, 54, 153, 153, 50, 32, 24]
