-- generated by BB61/m4_window_tables.py
def FPL : List Int := [0, -71, -19, -90, -5, -76, -24, -95, -1, -72, -20, -91, -6, -77, -25, -96, -1, -72,
   -20, -91, -6, -77, -25, -96, -2, -73, -21, -92, -7, -78, -26, -97, -5, -76, -24, -95,
   -10, -81, -29, -100, -6, -77, -25, -96, -11, -82, -30, -101, -6, -77, -25, -96, -11, -82,
   -30, -101, -7, -78, -26, -97, -12, -83, -31, -102, -19, -90, -38, -109, -24, -95, -43, -114,
   -20, -91, -39, -110, -25, -96, -44, -115, -20, -91, -39, -110, -25, -96, -44, -115, -21, -92,
   -40, -111, -26, -97, -45, -116, -24, -95, -43, -114, -29, -100, -48, -119, -25, -96, -44, -115,
   -30, -101, -49, -120, -25, -96, -44, -115, -30, -101, -49, -120, -26, -97, -45, -116, -31, -102,
   -50, -121]
def FQL : List Int := [0, 41, 11, 52, 3, 44, 14, 55, 1, 42, 12, 53, 4, 45, 15, 56, 1, 42,
   12, 53, 4, 45, 15, 56, 2, 43, 13, 54, 5, 46, 16, 57, 3, 44, 14, 55,
   6, 47, 17, 58, 4, 45, 15, 56, 7, 48, 18, 59, 4, 45, 15, 56, 7, 48,
   18, 59, 5, 46, 16, 57, 8, 49, 19, 60, 11, 52, 22, 63, 14, 55, 25, 66,
   12, 53, 23, 64, 15, 56, 26, 67, 12, 53, 23, 64, 15, 56, 26, 67, 13, 54,
   24, 65, 16, 57, 27, 68, 14, 55, 25, 66, 17, 58, 28, 69, 15, 56, 26, 67,
   18, 59, 29, 70, 15, 56, 26, 67, 18, 59, 29, 70, 16, 57, 27, 68, 19, 60,
   30, 71]
def LLL : List Int := [-1, -1, 0, 0, 1, 1, 1, 1, 5, 5, 6, 6, 7, 7, 7, 7, 5, 5,
   6, 6, 7, 7, 7, 7, 11, 11, 11, 12, 13, 13, 13, 13, 1, 1, 1, 1,
   2, 3, 3, 3, 7, 7, 7, 7, 8, 8, 9, 9, 7, 7, 7, 7, 8, 8,
   9, 9, 13, 13, 13, 13, 14, 14, 15, 15, 0, 0, 0, 0, 1, 1, 2, 2,
   6, 6, 6, 6, 7, 7, 8, 8, 6, 6, 6, 6, 7, 7, 8, 8, 11, 12,
   12, 12, 13, 13, 13, 14, 1, 1, 2, 2, 3, 3, 3, 3, 7, 7, 8, 8,
   9, 9, 9, 9, 7, 7, 8, 8, 9, 9, 9, 9, 13, 13, 13, 14, 15, 15,
   15, 15]
def HHL : List Int := [0, 0, 0, 0, 1, 1, 2, 2, 6, 6, 6, 6, 7, 7, 8, 8, 6, 6,
   6, 6, 7, 7, 8, 8, 11, 12, 12, 12, 13, 13, 13, 14, 1, 1, 2, 2,
   3, 3, 3, 3, 7, 7, 8, 8, 9, 9, 9, 9, 7, 7, 8, 8, 9, 9,
   9, 9, 13, 13, 13, 14, 15, 15, 15, 15, 0, 0, 1, 1, 2, 2, 2, 2,
   6, 6, 6, 7, 8, 8, 8, 8, 6, 6, 6, 7, 8, 8, 8, 8, 12, 12,
   12, 12, 13, 14, 14, 14, 2, 2, 2, 2, 3, 3, 4, 4, 8, 8, 8, 8,
   9, 9, 10, 10, 8, 8, 8, 8, 9, 9, 10, 10, 13, 14, 14, 14, 15, 15,
   15, 16]
def cwL : List Nat := [24, 32, 54, 153, 153, 50, 32, 24]
